             precision    recall  f1-score   support

          0       0.00      0.00      0.00         2
          1       0.93      1.00      0.96        13
          2       0.94      0.89      0.91        18
          3       1.00      0.62      0.77         8
          4       0.83      1.00      0.91        10
          5       0.67      0.92      0.77        13
          7       1.00      1.00      1.00         8
          8       0.92      0.92      0.92        13
          9       0.78      0.88      0.82         8
         10       0.94      0.89      0.91        18
         11       0.78      1.00      0.88         7
         12       0.94      1.00      0.97        17
         13       1.00      0.95      0.98        22
         14       1.00      1.00      1.00         5
         15       0.50      0.33      0.40         3
         16       1.00      1.00      1.00         1
         17       1.00      1.00      1.00         6
         18       0.62      0.83      0.71         6
         19       0.00      0.00      0.00         2
         20       0.00      0.00      0.00         2
         22       0.00      0.00      0.00         2
         23       0.50      1.00      0.67         4
         25       0.67      1.00      0.80         2
         26       1.00      0.67      0.80         3
         27       0.00      0.00      0.00         1
         28       0.75      0.60      0.67         5
         29       1.00      1.00      1.00         1
         30       1.00      0.75      0.86         8
         31       0.00      0.00      0.00         1
         33       0.75      1.00      0.86         3
         34       1.00      1.00      1.00         2
         35       1.00      1.00      1.00         3
         36       1.00      1.00      1.00         1
         37       0.00      0.00      0.00         1
         38       0.94      1.00      0.97        16
         39       1.00      1.00      1.00         2
         40       1.00      0.50      0.67         2
         41       1.00      1.00      1.00         2
         42       1.00      1.00      1.00         2

avg / total       0.86      0.87      0.86       243
